Generated by GetData Graph Digitizer 2.26.0.20 on August 17 2022, 22:21
from file 'C:\Users\Vasilisa\Desktop\program\500m\SPHERE-2_500.jpg'

Line #1
 5.00963391136801e+000    8.57723577235772e-001
 4.50867052023121e+001    8.06910569105691e-001
 7.81502890173410e+001    7.84552845528455e-001
 9.01734104046243e+001    7.76422764227642e-001
 1.20732177263969e+002    7.82520325203252e-001
 1.18728323699422e+002    7.80487804878049e-001
 1.17726396917148e+002    7.80487804878049e-001
 1.32755298651252e+002    7.84552845528455e-001
 1.52292870905588e+002    8.04878048780488e-001
 1.59306358381503e+002    8.15040650406504e-001
 1.76339113680154e+002    8.47560975609756e-001
 1.90867052023121e+002    8.76016260162602e-001
 2.00385356454721e+002    8.94308943089431e-001
 2.18420038535645e+002    9.41056910569106e-001
 2.24431599229287e+002    9.51219512195122e-001
 2.26435452793834e+002    9.57317073170732e-001
 2.29942196531792e+002    9.67479674796748e-001
