Generated by GetData Graph Digitizer 2.26.0.20 on August 17 2022, 22:25
from file 'C:\Users\Vasilisa\Desktop\program\500m\SPHERE-2_500.jpg'

Line #1
 5.51102204408818e+000    8.59756097560976e-001
 1.50300601202405e+001    8.57723577235772e-001
 2.50501002004008e+001    8.33333333333333e-001
 3.50701402805611e+001    8.31300813008130e-001
 4.50901803607214e+001    8.06910569105691e-001
 5.51102204408818e+001    8.04878048780488e-001
 6.51302605210421e+001    7.96747967479675e-001
 7.51503006012024e+001    7.88617886178862e-001
 8.51703406813627e+001    7.78455284552846e-001
 9.51903807615230e+001    7.76422764227642e-001
 1.05210420841683e+002    7.78455284552846e-001
 1.15230460921844e+002    7.78455284552846e-001
 1.25250501002004e+002    7.84552845528455e-001
 1.35270541082164e+002    7.86585365853659e-001
 1.44789579158317e+002    8.00813008130081e-001
 1.54809619238477e+002    8.06910569105691e-001
 1.64829659318637e+002    8.23170731707317e-001
 1.74849699398798e+002    8.43495934959350e-001
 1.84869739478958e+002    8.63821138211382e-001
 1.94889779559118e+002    8.84146341463415e-001
 2.04909819639279e+002    9.02439024390244e-001
 2.14929859719439e+002    9.32926829268293e-001
 2.24949899799599e+002    9.51219512195122e-001
 2.34969939879760e+002    9.81707317073171e-001
 2.44989979959920e+002    9.97967479674797e-001
