that
that

5.00963 0.892276
15.0289 0.857724
25.0482 0.847561
35.0674 0.837398
45.0867 0.813008
55.6069 0.802846
65.1252 0.79878
75.1445 0.79065
85.1638 0.788618
95.183 0.788618
105.202 0.786585
115.222 0.788618
125.241 0.79065
135.26 0.796748
144.778 0.804878
154.798 0.817073
164.817 0.835366
175.337 0.849593
184.855 0.869919
194.875 0.892276
204.894 0.910569
214.913 0.934959
224.933 0.963415
234.952 0.993902
245.472 1
245.973 0.898374
246.975 0.849593
247.977 0.699187
248.478 0.648374
251.985 0.373984
254.99 0