   1.0000000e+00   0.0000000e+00   0.0000000e+00   5.2800000e+02
   2.0000000e+00   4.4881148e+01  -3.5173926e-15   5.2608904e+02
   3.0000000e+00   2.2440574e+01   3.8868214e+01   5.2608904e+02
   4.0000000e+00  -2.2440574e+01   3.8868214e+01   5.2608904e+02
   5.0000000e+00  -4.4881148e+01   3.0557590e-15   5.2608904e+02
   6.0000000e+00  -2.2440574e+01  -3.8868214e+01   5.2608904e+02
   7.0000000e+00   2.2440574e+01  -3.8868214e+01   5.2608904e+02
   8.0000000e+00   8.9452169e+01   4.2789218e-15   5.2036748e+02
   9.0000000e+00   6.7138535e+01   3.8762451e+01   5.2227760e+02
   1.0000000e+01   4.4726084e+01   7.7467850e+01   5.2036748e+02
   1.1000000e+01   1.0170665e-14   7.7524902e+01   5.2227760e+02
   1.2000000e+01  -4.4726084e+01   7.7467850e+01   5.2036748e+02
   1.3000000e+01  -6.7138535e+01   3.8762451e+01   5.2227760e+02
   1.4000000e+01  -8.9452169e+01  -2.7224993e-15   5.2036748e+02
   1.5000000e+01  -6.7138535e+01  -3.8762451e+01   5.2227760e+02
   1.6000000e+01  -4.4726084e+01  -7.7467850e+01   5.2036748e+02
   1.7000000e+01   4.7317134e-15  -7.7524902e+01   5.2227760e+02
   1.8000000e+01   4.4726084e+01  -7.7467850e+01   5.2036748e+02
   1.9000000e+01   6.7138535e+01  -3.8762451e+01   5.2227760e+02
   2.0000000e+01   1.3336020e+02   1.0966079e-14   5.1088067e+02
   2.1000000e+01   1.1134905e+02   3.8668840e+01   5.1467476e+02
   2.2000000e+01   8.9162721e+01   7.7096682e+01   5.1467476e+02
   2.3000000e+01   6.6680100e+01   1.1549332e+02   5.1088067e+02
   2.4000000e+01   2.2186325e+01   1.1576552e+02   5.1467476e+02
   2.5000000e+01  -2.2186325e+01   1.1576552e+02   5.1467476e+02
   2.6000000e+01  -6.6680100e+01   1.1549332e+02   5.1088067e+02
   2.7000000e+01  -8.9162721e+01   7.7096682e+01   5.1467476e+02
   2.8000000e+01  -1.1134905e+02   3.8668840e+01   5.1467476e+02
   2.9000000e+01  -1.3336020e+02   1.8474512e-15   5.1088067e+02
   3.0000000e+01  -1.1134905e+02  -3.8668840e+01   5.1467476e+02
   3.1000000e+01  -8.9162721e+01  -7.7096682e+01   5.1467476e+02
   3.2000000e+01  -6.6680100e+01  -1.1549332e+02   5.1088067e+02
   3.3000000e+01  -2.2186325e+01  -1.1576552e+02   5.1467476e+02
   3.4000000e+01   2.2186325e+01  -1.1576552e+02   5.1467476e+02
   3.5000000e+01   6.6680100e+01  -1.1549332e+02   5.1088067e+02
   3.6000000e+01   8.9162721e+01  -7.7096682e+01   5.1467476e+02
   3.7000000e+01   1.1134905e+02  -3.8668840e+01   5.1467476e+02
   3.8000000e+01   1.7630956e+02  -7.3207039e-16   4.9769362e+02
   3.9000000e+01   1.5473908e+02   3.8314064e+01   5.0336056e+02
   4.0000000e+01   1.3296734e+02   7.6768729e+01   5.0518338e+02
   4.1000000e+01   1.1055049e+02   1.1485094e+02   5.0336056e+02
   4.2000000e+01   8.8154778e+01   1.5268855e+02   4.9769362e+02
   4.3000000e+01   4.4188586e+01   1.5316501e+02   5.0336056e+02
   4.4000000e+01   1.4747591e-14   1.5353746e+02   5.0518338e+02
   4.5000000e+01  -4.4188586e+01   1.5316501e+02   5.0336056e+02
   4.6000000e+01  -8.8154778e+01   1.5268855e+02   4.9769362e+02
   4.7000000e+01  -1.1055049e+02   1.1485094e+02   5.0336056e+02
   4.8000000e+01  -1.3296734e+02   7.6768729e+01   5.0518338e+02
   4.9000000e+01  -1.5473908e+02   3.8314064e+01   5.0336056e+02
   5.0000000e+01  -1.7630956e+02  -2.4777840e-15   4.9769362e+02
   5.1000000e+01  -1.5473908e+02  -3.8314064e+01   5.0336056e+02
   5.2000000e+01  -1.3296734e+02  -7.6768729e+01   5.0518338e+02
   5.3000000e+01  -1.1055049e+02  -1.1485094e+02   5.0336056e+02
   5.4000000e+01  -8.8154778e+01  -1.5268855e+02   4.9769362e+02
   5.5000000e+01  -4.4188586e+01  -1.5316501e+02   5.0336056e+02
   5.6000000e+01   1.3258391e-14  -1.5353746e+02   5.0518338e+02
   5.7000000e+01   4.4188586e+01  -1.5316501e+02   5.0336056e+02
   5.8000000e+01   8.8154778e+01  -1.5268855e+02   4.9769362e+02
   5.9000000e+01   1.1055049e+02  -1.1485094e+02   5.0336056e+02
   6.0000000e+01   1.3296734e+02  -7.6768729e+01   5.0518338e+02
   6.1000000e+01   1.5473908e+02  -3.8314064e+01   5.0336056e+02
   6.2000000e+01   2.1808759e+02  -3.0297766e-15   4.8085528e+02
   6.3000000e+01   1.9696336e+02   3.7800657e+01   4.8842660e+02
   6.4000000e+01   1.7580724e+02   7.6130058e+01   4.9201629e+02
   6.5000000e+01   1.5383418e+02   1.1418851e+02   4.9201629e+02
   6.6000000e+01   1.3121801e+02   1.5167495e+02   4.8842660e+02
   6.7000000e+01   1.0904379e+02   1.8886939e+02   4.8085528e+02
   6.8000000e+01   6.5745352e+01   1.8947561e+02   4.8842660e+02
   6.9000000e+01   2.1973055e+01   1.9031856e+02   4.9201629e+02
   7.0000000e+01  -2.1973055e+01   1.9031856e+02   4.9201629e+02
   7.1000000e+01  -6.5745352e+01   1.8947561e+02   4.8842660e+02
   7.2000000e+01  -1.0904379e+02   1.8886939e+02   4.8085528e+02
   7.3000000e+01  -1.3121801e+02   1.5167495e+02   4.8842660e+02
   7.4000000e+01  -1.5383418e+02   1.1418851e+02   4.9201629e+02
   7.5000000e+01  -1.7580724e+02   7.6130058e+01   4.9201629e+02
   7.6000000e+01  -1.9696336e+02   3.7800657e+01   4.8842660e+02
   7.7000000e+01  -2.1808759e+02  -2.9104706e-15   4.8085528e+02
   7.8000000e+01  -1.9696336e+02  -3.7800657e+01   4.8842660e+02
   7.9000000e+01  -1.7580724e+02  -7.6130058e+01   4.9201629e+02
   8.0000000e+01  -1.5383418e+02  -1.1418851e+02   4.9201629e+02
   8.1000000e+01  -1.3121801e+02  -1.5167495e+02   4.8842660e+02
   8.2000000e+01  -1.0904379e+02  -1.8886939e+02   4.8085528e+02
   8.3000000e+01  -6.5745352e+01  -1.8947561e+02   4.8842660e+02
   8.4000000e+01  -2.1973055e+01  -1.9031856e+02   4.9201629e+02
   8.5000000e+01   2.1973055e+01  -1.9031856e+02   4.9201629e+02
   8.6000000e+01   6.5745352e+01  -1.8947561e+02   4.8842660e+02
   8.7000000e+01   1.0904379e+02  -1.8886939e+02   4.8085528e+02
   8.8000000e+01   1.3121801e+02  -1.5167495e+02   4.8842660e+02
   8.9000000e+01   1.5383418e+02  -1.1418851e+02   4.9201629e+02
   9.0000000e+01   1.7580724e+02  -7.6130058e+01   4.9201629e+02
   9.1000000e+01   1.9696336e+02  -3.7800657e+01   4.8842660e+02
   9.2000000e+01   2.1743597e+02   7.4630435e+01   4.7532715e+02
   9.3000000e+01   1.9568490e+02   1.1297873e+02   4.7720774e+02
   9.4000000e+01   1.7334984e+02   1.5098985e+02   4.7532715e+02
   9.5000000e+01   4.4086131e+01   2.2562029e+02   4.7532715e+02
   9.6000000e+01  -4.3240916e-15   2.2595746e+02   4.7720774e+02
   9.7000000e+01  -4.4086131e+01   2.2562029e+02   4.7532715e+02
   9.8000000e+01  -1.7334984e+02   1.5098985e+02   4.7532715e+02
   9.9000000e+01  -1.9568490e+02   1.1297873e+02   4.7720774e+02
   1.0000000e+02  -2.1743597e+02   7.4630435e+01   4.7532715e+02
   1.0100000e+02  -2.1743597e+02  -7.4630435e+01   4.7532715e+02
   1.0200000e+02  -1.9568490e+02  -1.1297873e+02   4.7720774e+02
   1.0300000e+02  -1.7334984e+02  -1.5098985e+02   4.7532715e+02
   1.0400000e+02  -4.4086131e+01  -2.2562029e+02   4.7532715e+02
   1.0500000e+02   1.1818016e-14  -2.2595746e+02   4.7720774e+02
   1.0600000e+02   4.4086131e+01  -2.2562029e+02   4.7532715e+02
   1.0700000e+02   1.7334984e+02  -1.5098985e+02   4.7532715e+02
   1.0800000e+02   1.9568490e+02  -1.1297873e+02   4.7720774e+02
   1.0900000e+02   2.1743597e+02  -7.4630435e+01   4.7532715e+02
